0 0.283537 0.883903 0.074695 0.169516
2 0.726753 0.790598 0.157774 0.353276
1 0.418064 0.377493 0.011433 0.039886
0 0.393293 0.378205 0.022866 0.044160
0 0.366997 0.350427 0.022104 0.039886
0 0.386814 0.271368 0.016006 0.029915
1 0.670351 0.489316 0.014482 0.049858
0 0.627287 0.399573 0.030488 0.044160
0 0.543064 0.227208 0.014482 0.021368
0 0.541159 0.215100 0.015244 0.019943
0 0.530107 0.185185 0.014482 0.022792
0 0.442835 0.225071 0.015244 0.028490
0 0.431784 0.190171 0.009909 0.021368
2 0.426829 0.141738 0.013720 0.052707
0 0.449314 0.168803 0.009909 0.021368
0 0.516006 0.155983 0.012195 0.015670
0 0.510290 0.139601 0.008384 0.017094
5 0.437881 0.103989 0.008384 0.025641
0 0.483994 0.091880 0.004573 0.009972
4 0.985518 0.061966 0.028963 0.049858
4 0.973704 0.044872 0.052591 0.035613
4 0.967988 0.042735 0.062500 0.039886
4 0.855564 0.050570 0.069360 0.041311
4 0.772104 0.049858 0.062500 0.042735
4 0.805640 0.029202 0.051829 0.035613
4 0.835747 0.031339 0.034299 0.028490
4 0.677973 0.023504 0.051067 0.032764
4 0.662729 0.018519 0.046494 0.025641
4 0.692454 0.015670 0.046494 0.025641
4 0.651296 0.016382 0.051067 0.029915
4 0.638720 0.013533 0.039634 0.024217
4 0.782393 0.009972 0.060213 0.017094
4 0.750000 0.006410 0.022866 0.009972
