1 0.776466 0.772857 0.022087 0.080000
0 0.676695 0.548571 0.038842 0.065714
3 0.557502 0.545714 0.042650 0.091429
0 0.615385 0.394286 0.025895 0.037143
2 0.560168 0.332857 0.040366 0.111429
5 0.517517 0.323571 0.025133 0.061429
5 0.550647 0.260000 0.016756 0.025714
0 0.544935 0.242857 0.014471 0.025714
1 0.498477 0.235714 0.009901 0.022857
0 0.518279 0.230714 0.015994 0.024286
2 0.512567 0.180714 0.018279 0.047143
2 0.492384 0.176429 0.019040 0.055714
4 0.982483 0.105000 0.035034 0.047143
4 0.972582 0.085714 0.054836 0.037143
4 0.968012 0.077857 0.063976 0.032857
4 0.853389 0.083571 0.066260 0.044286
4 0.771896 0.082857 0.061691 0.042857
4 0.806550 0.060000 0.056359 0.031429
4 0.835872 0.065000 0.037319 0.032857
4 0.782178 0.037857 0.042650 0.027143
4 0.776085 0.033571 0.042650 0.024286
4 0.761234 0.028571 0.041889 0.025714
4 0.680122 0.052143 0.051790 0.030000
4 0.689642 0.047143 0.051028 0.031429
4 0.666794 0.047857 0.052551 0.030000
4 0.660701 0.038571 0.060168 0.031429
4 0.645468 0.034286 0.049505 0.031429
4 0.629094 0.020000 0.039604 0.028571
2 0.362909 0.402857 0.054075 0.182857
0 0.379665 0.318571 0.019040 0.020000
5 0.407845 0.215000 0.019040 0.038571
1 0.425362 0.155714 0.005331 0.017143
5 0.443260 0.132143 0.009139 0.024286
