5 0.260671 0.707143 0.085366 0.225714
0 0.443979 0.459286 0.040396 0.104286
2 0.854421 0.612857 0.128049 0.202857
3 0.573933 0.289286 0.030488 0.052857
2 0.586128 0.162143 0.035061 0.070000
0 0.617759 0.167143 0.023628 0.037143
6 0.621570 0.124286 0.008384 0.028571
0 0.583079 0.089286 0.016768 0.027143
2 0.559070 0.063571 0.026677 0.075714
4 0.579268 0.057143 0.018293 0.045714
3 0.557165 0.017143 0.012195 0.020000
0 0.549543 0.005000 0.009146 0.007143
2 0.420351 0.234286 0.038872 0.085714
0 0.443216 0.130714 0.017530 0.032857
3 0.475991 0.082857 0.016006 0.037143
2 0.457317 0.044286 0.016768 0.031429
0 0.456555 0.027857 0.013720 0.015714
0 0.476753 0.035714 0.011433 0.022857
0 0.443979 0.016429 0.012957 0.018571
5 0.459985 0.012857 0.012957 0.022857
