4 0.978228 0.199286 0.043545 0.044286
4 0.968296 0.183571 0.063407 0.032857
4 0.965623 0.179286 0.065699 0.027143
4 0.962567 0.178571 0.070283 0.025714
4 0.954163 0.178571 0.059587 0.028571
4 0.844538 0.182143 0.066463 0.038571
4 0.764324 0.183571 0.061879 0.035714
4 0.827349 0.166429 0.036669 0.027143
4 0.797937 0.159286 0.054240 0.027143
4 0.770435 0.141429 0.043545 0.025714
4 0.764706 0.137857 0.044309 0.021429
4 0.753629 0.132143 0.043545 0.018571
4 0.673415 0.155000 0.048128 0.027143
4 0.682964 0.146429 0.047364 0.024286
4 0.656990 0.149286 0.042781 0.024286
4 0.645149 0.143571 0.043545 0.021429
4 0.635218 0.138571 0.038961 0.020000
4 0.623377 0.123571 0.033613 0.015714
0 0.711994 0.709286 0.044309 0.064286
2 0.684110 0.797143 0.115355 0.231429
2 0.579068 0.710714 0.080978 0.204286
0 0.613445 0.498571 0.027502 0.045714
0 0.521008 0.439286 0.021390 0.038571
2 0.538197 0.382143 0.032850 0.081429
0 0.509549 0.401429 0.018335 0.028571
2 0.541635 0.336429 0.019862 0.035714
6 0.570665 0.333571 0.004584 0.021429
2 0.501146 0.327857 0.025974 0.072857
0 0.514515 0.279286 0.009931 0.018571
0 0.509549 0.263571 0.007639 0.018571
2 0.493506 0.258571 0.013751 0.020000
3 0.480519 0.250000 0.009167 0.017143
0 0.627960 0.991429 0.048892 0.017143
0 0.343774 0.654286 0.039725 0.077143
0 0.427807 0.561429 0.025974 0.054286
0 0.441940 0.357143 0.016043 0.025714
2 0.419404 0.328571 0.022918 0.068571
0 0.447288 0.325000 0.011459 0.021429
5 0.416348 0.283571 0.012223 0.027143
2 0.430481 0.283571 0.016043 0.050000
0 0.446142 0.282143 0.009167 0.024286
5 0.423988 0.259286 0.010695 0.030000
5 0.431627 0.222857 0.010695 0.014286
2 0.438885 0.212857 0.009931 0.020000
0 0.443468 0.227857 0.006875 0.010000
