4 0.978261 0.227582 0.043478 0.042120
4 0.968345 0.213315 0.063310 0.029891
4 0.961098 0.209239 0.062548 0.024457
4 0.950801 0.205842 0.055683 0.025815
4 0.841342 0.216033 0.065599 0.032609
4 0.762014 0.217391 0.061022 0.035326
4 0.790999 0.196332 0.047292 0.025815
4 0.822654 0.199049 0.035850 0.023098
4 0.768879 0.175951 0.044241 0.020380
4 0.761251 0.175272 0.039664 0.019022
4 0.751335 0.171875 0.044241 0.017663
4 0.671243 0.194293 0.048818 0.027174
4 0.678871 0.183424 0.050343 0.024457
4 0.654844 0.190897 0.048055 0.023098
4 0.644546 0.184783 0.045767 0.019022
4 0.631960 0.180707 0.038902 0.021739
4 0.622426 0.167799 0.036613 0.020380
0 0.390923 0.681386 0.035850 0.074728
0 0.437071 0.514946 0.027460 0.046196
2 0.391304 0.495245 0.041190 0.129076
1 0.393593 0.404212 0.010679 0.028533
3 0.441648 0.399457 0.016781 0.038043
2 0.419908 0.370245 0.023646 0.066576
5 0.396262 0.381793 0.016018 0.035326
5 0.410374 0.342391 0.012204 0.029891
0 0.432113 0.328804 0.012967 0.019022
0 0.414569 0.332201 0.011442 0.020380
0 0.427155 0.309783 0.010679 0.016304
1 0.437452 0.302310 0.006865 0.012228
0 0.450420 0.286685 0.009916 0.013587
0 0.438978 0.290082 0.008391 0.014946
5 0.427155 0.285326 0.012204 0.021739
2 0.432113 0.271060 0.011442 0.023098
2 0.452708 0.247283 0.009916 0.021739
0 0.444317 0.252038 0.008391 0.009511
0 0.438978 0.243207 0.008391 0.010870
1 0.571320 0.511549 0.010679 0.039402
2 0.564073 0.592391 0.063310 0.165761
0 0.621281 0.548913 0.028223 0.040761
5 0.518688 0.466033 0.019832 0.040761
0 0.569794 0.434103 0.015256 0.031250
2 0.551487 0.448370 0.036613 0.070652
2 0.511442 0.413043 0.031274 0.067935
0 0.548818 0.387908 0.017544 0.028533
5 0.556445 0.343750 0.006865 0.021739
2 0.515256 0.343750 0.019069 0.051630
0 0.493898 0.349185 0.012967 0.019022
0 0.490465 0.338995 0.013730 0.017663
2 0.519069 0.318614 0.016018 0.023098
2 0.487796 0.302310 0.017544 0.044837
2 0.484744 0.256793 0.011442 0.027174
