2 0.682268 0.680952 0.139269 0.308844
0 0.752664 0.519728 0.056317 0.076190
0 0.668189 0.504082 0.044140 0.066667
5 0.603881 0.310884 0.031202 0.047619
0 0.550609 0.292517 0.026636 0.040816
0 0.562024 0.193197 0.020548 0.038095
0 0.528158 0.167347 0.016743 0.032653
0 0.555175 0.106803 0.012938 0.020408
3 0.536530 0.102721 0.013699 0.028571
0 0.513699 0.092517 0.013699 0.024490
6 0.539574 0.056463 0.006088 0.020408
0 0.523592 0.057823 0.012177 0.020408
0 0.458904 0.156463 0.016743 0.035374
3 0.431887 0.150340 0.019026 0.042177
1 0.457763 0.080272 0.006849 0.024490
1 0.434551 0.063946 0.007610 0.019048
0 0.449011 0.070748 0.009132 0.021769
4 0.455479 0.021088 0.012938 0.034014
