2 0.314688 0.712553 0.130137 0.457917
0 0.430365 0.646220 0.047945 0.139800
0 0.393455 0.296006 0.027397 0.055635
0 0.444825 0.254636 0.022070 0.058488
0 0.450913 0.134094 0.020548 0.037090
0 0.420852 0.116262 0.019787 0.038516
2 0.426180 0.055635 0.028919 0.094151
0 0.412100 0.044936 0.012938 0.029957
0 0.420091 0.011412 0.010654 0.019971
0 0.497717 0.010699 0.010654 0.018545
0 0.504947 0.035663 0.015982 0.022825
0 0.511796 0.054922 0.015982 0.029957
1 0.522070 0.047789 0.007610 0.027104
1 0.519787 0.032810 0.009132 0.019971
5 0.573440 0.104137 0.020548 0.039943
0 0.519787 0.112696 0.021309 0.037090
0 0.556317 0.151926 0.021309 0.035663
0 0.650685 0.457204 0.047184 0.078459
