4 0.983588 0.188571 0.032824 0.042857
4 0.972901 0.174286 0.054198 0.031429
4 0.967939 0.169286 0.058015 0.027143
4 0.962977 0.167143 0.058779 0.025714
4 0.853053 0.175714 0.066412 0.037143
4 0.832824 0.157857 0.036641 0.024286
4 0.804198 0.155000 0.054198 0.030000
4 0.770992 0.177857 0.061069 0.032857
4 0.777863 0.132857 0.045802 0.025714
4 0.771374 0.129286 0.045038 0.021429
4 0.759542 0.125714 0.044275 0.020000
4 0.680534 0.150714 0.051145 0.024286
4 0.688931 0.142857 0.048092 0.028571
4 0.672901 0.150000 0.052672 0.028571
4 0.662214 0.145714 0.045038 0.022857
4 0.653435 0.142143 0.044275 0.024286
4 0.638931 0.136429 0.044275 0.024286
4 0.629389 0.120714 0.035878 0.021429
5 0.799618 0.855000 0.084733 0.141429
0 0.698855 0.661429 0.041985 0.065714
0 0.555344 0.575714 0.035878 0.065714
0 0.533969 0.364286 0.016031 0.025714
0 0.507634 0.356429 0.019847 0.027143
0 0.533969 0.311429 0.016031 0.022857
0 0.525573 0.287143 0.012977 0.020000
0 0.496947 0.291429 0.010687 0.017143
5 0.503817 0.264286 0.010687 0.020000
0 0.512214 0.256429 0.009160 0.012857
0 0.436260 0.521429 0.025191 0.048571
2 0.404198 0.443571 0.041985 0.155714
2 0.433206 0.297143 0.019084 0.045714
0 0.452290 0.295000 0.014504 0.018571
0 0.455725 0.264286 0.010687 0.017143
2 0.443511 0.243571 0.010687 0.032857
2 0.456107 0.237143 0.011450 0.025714
0 0.480916 0.218571 0.007634 0.011429
